TITLE	
DATA TYPE	
ORIGIN	JASCO
OWNER	
DATE	17/07/14
TIME	12:25:00
SPECTROMETER/DATA SYSTEM	JASCO Corp., V-770, Rev. 1.00
RESOLUTION	
DELTAX	-1
XUNITS	NANOMETERS
YUNITS	ABSORBANCE
FIRSTX	2700
LASTX	700
NPOINTS	2001
FIRSTY	1.55152
MAXY	1.55152
MINY	1.12735
XYDATA
2700	1.55152
2699	1.20555
2698	1.30236
2697	1.23186
2696	1.23416
2695	1.13704
2694	1.16367
2693	1.3562
2692	1.37663
2691	1.26916
2690	1.2081
2689	1.18646
2688	1.16163
2687	1.24834
2686	1.28223
2685	1.2796
2684	1.21655
2683	1.23981
2682	1.20741
2681	1.21904
2680	1.23583
2679	1.23118
2678	1.23271
2677	1.21818
2676	1.2617
2675	1.18111
2674	1.15986
2673	1.20346
2672	1.24998
2671	1.2492
2670	1.24311
2669	1.26042
2668	1.2517
2667	1.22654
2666	1.18586
2665	1.22351
2664	1.25827
2663	1.24815
2662	1.23306
2661	1.2433
2660	1.24646
2659	1.24691
2658	1.21775
2657	1.25571
2656	1.24358
2655	1.24902
2654	1.24408
2653	1.23262
2652	1.24967
2651	1.21935
2650	1.23562
2649	1.24646
2648	1.24922
2647	1.2425
2646	1.25304
2645	1.23348
2644	1.23673
2643	1.24636
2642	1.22724
2641	1.25441
2640	1.23405
2639	1.22575
2638	1.22146
2637	1.22324
2636	1.23502
2635	1.24205
2634	1.25528
2633	1.24696
2632	1.23437
2631	1.22919
2630	1.21586
2629	1.25707
2628	1.2536
2627	1.22396
2626	1.22935
2625	1.23246
2624	1.21442
2623	1.23412
2622	1.23735
2621	1.24858
2620	1.25164
2619	1.26054
2618	1.2513
2617	1.25942
2616	1.24587
2615	1.20703
2614	1.22867
2613	1.23194
2612	1.23113
2611	1.24936
2610	1.25841
2609	1.23286
2608	1.23322
2607	1.2459
2606	1.22844
2605	1.23421
2604	1.22869
2603	1.22566
2602	1.21622
2601	1.22141
2600	1.22726
2599	1.24019
2598	1.23478
2597	1.25075
2596	1.26485
2595	1.25378
2594	1.26556
2593	1.22015
2592	1.19622
2591	1.21641
2590	1.21855
2589	1.23663
2588	1.26245
2587	1.23552
2586	1.23579
2585	1.21785
2584	1.24244
2583	1.23861
2582	1.24326
2581	1.228
2580	1.23861
2579	1.23381
2578	1.22748
2577	1.22656
2576	1.24673
2575	1.2199
2574	1.23418
2573	1.23002
2572	1.2469
2571	1.22796
2570	1.23214
2569	1.21609
2568	1.22845
2567	1.21156
2566	1.23383
2565	1.24542
2564	1.22535
2563	1.24351
2562	1.26671
2561	1.23036
2560	1.2201
2559	1.20889
2558	1.21385
2557	1.22267
2556	1.23846
2555	1.23474
2554	1.22618
2553	1.22594
2552	1.21883
2551	1.21266
2550	1.22907
2549	1.23496
2548	1.23322
2547	1.23797
2546	1.22716
2545	1.23597
2544	1.22283
2543	1.23455
2542	1.22862
2541	1.22215
2540	1.23568
2539	1.24463
2538	1.23285
2537	1.23199
2536	1.22458
2535	1.21679
2534	1.23382
2533	1.2373
2532	1.23167
2531	1.23392
2530	1.22771
2529	1.22227
2528	1.22444
2527	1.22637
2526	1.23133
2525	1.22953
2524	1.23079
2523	1.2359
2522	1.22374
2521	1.23223
2520	1.22939
2519	1.23434
2518	1.22877
2517	1.23502
2516	1.22333
2515	1.22895
2514	1.22436
2513	1.22829
2512	1.22517
2511	1.22856
2510	1.21983
2509	1.23121
2508	1.23676
2507	1.22762
2506	1.22538
2505	1.2376
2504	1.22548
2503	1.22118
2502	1.23299
2501	1.22846
2500	1.22842
2499	1.2272
2498	1.22843
2497	1.22925
2496	1.22486
2495	1.23414
2494	1.2227
2493	1.22957
2492	1.22666
2491	1.23273
2490	1.22589
2489	1.22868
2488	1.21699
2487	1.22639
2486	1.23009
2485	1.22699
2484	1.22887
2483	1.23227
2482	1.2191
2481	1.22754
2480	1.22305
2479	1.22427
2478	1.22816
2477	1.22471
2476	1.23168
2475	1.22436
2474	1.2253
2473	1.22562
2472	1.2235
2471	1.22322
2470	1.2223
2469	1.22567
2468	1.22848
2467	1.22981
2466	1.22247
2465	1.22652
2464	1.22825
2463	1.22573
2462	1.22872
2461	1.22641
2460	1.22433
2459	1.22629
2458	1.22905
2457	1.22654
2456	1.22579
2455	1.22311
2454	1.22596
2453	1.22543
2452	1.23064
2451	1.22428
2450	1.2286
2449	1.22334
2448	1.22479
2447	1.22556
2446	1.22059
2445	1.22843
2444	1.22482
2443	1.22371
2442	1.22911
2441	1.22624
2440	1.22185
2439	1.2257
2438	1.22659
2437	1.22712
2436	1.23034
2435	1.22822
2434	1.21843
2433	1.22145
2432	1.22238
2431	1.22691
2430	1.22356
2429	1.22689
2428	1.22641
2427	1.22916
2426	1.23242
2425	1.22361
2424	1.22351
2423	1.22244
2422	1.22671
2421	1.22879
2420	1.22359
2419	1.22732
2418	1.22701
2417	1.22845
2416	1.22576
2415	1.22168
2414	1.22708
2413	1.22612
2412	1.22678
2411	1.22631
2410	1.22762
2409	1.2211
2408	1.21846
2407	1.22379
2406	1.22573
2405	1.22541
2404	1.22421
2403	1.22641
2402	1.22348
2401	1.2279
2400	1.22225
2399	1.22569
2398	1.22769
2397	1.22426
2396	1.22198
2395	1.22498
2394	1.23138
2393	1.2263
2392	1.22544
2391	1.22638
2390	1.22464
2389	1.22379
2388	1.22835
2387	1.23023
2386	1.22724
2385	1.22319
2384	1.22397
2383	1.22484
2382	1.22756
2381	1.22586
2380	1.2251
2379	1.22709
2378	1.22753
2377	1.2252
2376	1.23056
2375	1.22589
2374	1.22137
2373	1.22389
2372	1.2236
2371	1.22921
2370	1.23019
2369	1.22602
2368	1.22358
2367	1.22823
2366	1.22045
2365	1.22705
2364	1.22931
2363	1.23132
2362	1.22664
2361	1.22498
2360	1.22236
2359	1.22475
2358	1.22795
2357	1.22408
2356	1.2279
2355	1.22428
2354	1.22877
2353	1.22734
2352	1.22753
2351	1.22463
2350	1.22339
2349	1.22421
2348	1.22168
2347	1.22587
2346	1.23
2345	1.22496
2344	1.22379
2343	1.22891
2342	1.22489
2341	1.22513
2340	1.22593
2339	1.22855
2338	1.22783
2337	1.22956
2336	1.22608
2335	1.22424
2334	1.22319
2333	1.22492
2332	1.2292
2331	1.22628
2330	1.22542
2329	1.23014
2328	1.2301
2327	1.2295
2326	1.2239
2325	1.22755
2324	1.22596
2323	1.22641
2322	1.22656
2321	1.23018
2320	1.2255
2319	1.2254
2318	1.22441
2317	1.22503
2316	1.22828
2315	1.22934
2314	1.228
2313	1.23164
2312	1.22631
2311	1.22681
2310	1.22253
2309	1.22428
2308	1.22467
2307	1.21971
2306	1.22808
2305	1.22813
2304	1.22758
2303	1.2293
2302	1.22696
2301	1.22509
2300	1.22406
2299	1.22548
2298	1.22728
2297	1.22712
2296	1.22317
2295	1.22612
2294	1.22689
2293	1.22461
2292	1.22028
2291	1.22515
2290	1.22352
2289	1.22375
2288	1.22739
2287	1.22648
2286	1.22518
2285	1.22828
2284	1.22347
2283	1.22529
2282	1.22433
2281	1.22101
2280	1.22861
2279	1.2247
2278	1.22767
2277	1.22691
2276	1.22462
2275	1.22382
2274	1.2222
2273	1.22329
2272	1.22741
2271	1.22339
2270	1.22322
2269	1.22557
2268	1.22854
2267	1.22407
2266	1.22534
2265	1.22253
2264	1.22458
2263	1.22345
2262	1.22537
2261	1.22528
2260	1.22765
2259	1.22745
2258	1.21993
2257	1.22191
2256	1.2218
2255	1.22297
2254	1.22095
2253	1.22642
2252	1.22763
2251	1.22592
2250	1.22111
2249	1.22026
2248	1.21746
2247	1.22061
2246	1.2174
2245	1.22139
2244	1.21871
2243	1.22553
2242	1.22436
2241	1.22187
2240	1.21797
2239	1.21782
2238	1.22035
2237	1.21906
2236	1.21889
2235	1.2215
2234	1.21944
2233	1.22296
2232	1.22272
2231	1.22213
2230	1.21827
2229	1.21897
2228	1.22218
2227	1.21815
2226	1.22044
2225	1.21876
2224	1.2218
2223	1.21801
2222	1.22131
2221	1.21954
2220	1.21493
2219	1.21803
2218	1.21746
2217	1.21551
2216	1.2164
2215	1.21885
2214	1.21872
2213	1.221
2212	1.21474
2211	1.21891
2210	1.22015
2209	1.2192
2208	1.21677
2207	1.21406
2206	1.21447
2205	1.21653
2204	1.21568
2203	1.21863
2202	1.21602
2201	1.21224
2200	1.21706
2199	1.21477
2198	1.21481
2197	1.21523
2196	1.21432
2195	1.21531
2194	1.21852
2193	1.21519
2192	1.21675
2191	1.21165
2190	1.21095
2189	1.21318
2188	1.21517
2187	1.21577
2186	1.21394
2185	1.21774
2184	1.21629
2183	1.21215
2182	1.21257
2181	1.21019
2180	1.21243
2179	1.21054
2178	1.21431
2177	1.21839
2176	1.21362
2175	1.21199
2174	1.20767
2173	1.20771
2172	1.20954
2171	1.21306
2170	1.21338
2169	1.21358
2168	1.21167
2167	1.21034
2166	1.20765
2165	1.20609
2164	1.20698
2163	1.20819
2162	1.20798
2161	1.21259
2160	1.21064
2159	1.21161
2158	1.21032
2157	1.2117
2156	1.20887
2155	1.20685
2154	1.20812
2153	1.20895
2152	1.21069
2151	1.20844
2150	1.21053
2149	1.20596
2148	1.20626
2147	1.20565
2146	1.20755
2145	1.20267
2144	1.20419
2143	1.20989
2142	1.20893
2141	1.20584
2140	1.20423
2139	1.20668
2138	1.20543
2137	1.20576
2136	1.20102
2135	1.20789
2134	1.20451
2133	1.20579
2132	1.20432
2131	1.20144
2130	1.20383
2129	1.20713
2128	1.20351
2127	1.20405
2126	1.20508
2125	1.2032
2124	1.20219
2123	1.19919
2122	1.19839
2121	1.20133
2120	1.20181
2119	1.20366
2118	1.2001
2117	1.20177
2116	1.19992
2115	1.19537
2114	1.20053
2113	1.19953
2112	1.1997
2111	1.20202
2110	1.19729
2109	1.19903
2108	1.19889
2107	1.19962
2106	1.20106
2105	1.19803
2104	1.19629
2103	1.20014
2102	1.19899
2101	1.19488
2100	1.19726
2099	1.1977
2098	1.19433
2097	1.19207
2096	1.19505
2095	1.19479
2094	1.19851
2093	1.19756
2092	1.19704
2091	1.19287
2090	1.19532
2089	1.19503
2088	1.19179
2087	1.19452
2086	1.19185
2085	1.19259
2084	1.19439
2083	1.19482
2082	1.19511
2081	1.19154
2080	1.19659
2079	1.19388
2078	1.1922
2077	1.19257
2076	1.19037
2075	1.19291
2074	1.18926
2073	1.18983
2072	1.19003
2071	1.19269
2070	1.19094
2069	1.19025
2068	1.19108
2067	1.19099
2066	1.18839
2065	1.18852
2064	1.18847
2063	1.18717
2062	1.18843
2061	1.1885
2060	1.18687
2059	1.18618
2058	1.18478
2057	1.18784
2056	1.18269
2055	1.1847
2054	1.18723
2053	1.18842
2052	1.18704
2051	1.18487
2050	1.18341
2049	1.18755
2048	1.1843
2047	1.18595
2046	1.18572
2045	1.1896
2044	1.18786
2043	1.18472
2042	1.18196
2041	1.18113
2040	1.18119
2039	1.1826
2038	1.18407
2037	1.18275
2036	1.1862
2035	1.18309
2034	1.18175
2033	1.18066
2032	1.18237
2031	1.18128
2030	1.18394
2029	1.18289
2028	1.18371
2027	1.18084
2026	1.18076
2025	1.1797
2024	1.17804
2023	1.1805
2022	1.18152
2021	1.18356
2020	1.18094
2019	1.1804
2018	1.17967
2017	1.17788
2016	1.17856
2015	1.17932
2014	1.18158
2013	1.18328
2012	1.18082
2011	1.18042
2010	1.17954
2009	1.17646
2008	1.17712
2007	1.1765
2006	1.17887
2005	1.17868
2004	1.1786
2003	1.17761
2002	1.17708
2001	1.1768
2000	1.17699
1999	1.17747
1998	1.17738
1997	1.17868
1996	1.17671
1995	1.17794
1994	1.17484
1993	1.17535
1992	1.17487
1991	1.17657
1990	1.17992
1989	1.17561
1988	1.17815
1987	1.17671
1986	1.17628
1985	1.17517
1984	1.17677
1983	1.17712
1982	1.17582
1981	1.17483
1980	1.17392
1979	1.17513
1978	1.17406
1977	1.17399
1976	1.17536
1975	1.17478
1974	1.17578
1973	1.17466
1972	1.17428
1971	1.17427
1970	1.17445
1969	1.17618
1968	1.17483
1967	1.17516
1966	1.17424
1965	1.17434
1964	1.17493
1963	1.17403
1962	1.17142
1961	1.17616
1960	1.17546
1959	1.17741
1958	1.17315
1957	1.17278
1956	1.17457
1955	1.17522
1954	1.17536
1953	1.17568
1952	1.17307
1951	1.17303
1950	1.17495
1949	1.17129
1948	1.17417
1947	1.17202
1946	1.17458
1945	1.17503
1944	1.17561
1943	1.17441
1942	1.17329
1941	1.17259
1940	1.17228
1939	1.17375
1938	1.17571
1937	1.17504
1936	1.17503
1935	1.17375
1934	1.17451
1933	1.17357
1932	1.17283
1931	1.17411
1930	1.17457
1929	1.17925
1928	1.17558
1927	1.17304
1926	1.17333
1925	1.16976
1924	1.17386
1923	1.1734
1922	1.17929
1921	1.17761
1920	1.17438
1919	1.1757
1918	1.17262
1917	1.17533
1916	1.17733
1915	1.17853
1914	1.17725
1913	1.17613
1912	1.17263
1911	1.1742
1910	1.17258
1909	1.1747
1908	1.17696
1907	1.17847
1906	1.17883
1905	1.1784
1904	1.17663
1903	1.17408
1902	1.17325
1901	1.17318
1900	1.18174
1899	1.18012
1898	1.18046
1897	1.17823
1896	1.17875
1895	1.18124
1894	1.17984
1893	1.18138
1892	1.18216
1891	1.18121
1890	1.18211
1889	1.18064
1888	1.18096
1887	1.1817
1886	1.18104
1885	1.18179
1884	1.18132
1883	1.18299
1882	1.1815
1881	1.18296
1880	1.18069
1879	1.18161
1878	1.18226
1877	1.18427
1876	1.18276
1875	1.18381
1874	1.18488
1873	1.18344
1872	1.18197
1871	1.18291
1870	1.18023
1869	1.18088
1868	1.18052
1867	1.18098
1866	1.18177
1865	1.18252
1864	1.18292
1863	1.18283
1862	1.18325
1861	1.18386
1860	1.18428
1859	1.18417
1858	1.18408
1857	1.18282
1856	1.18301
1855	1.18452
1854	1.18259
1853	1.18149
1852	1.18226
1851	1.18305
1850	1.18629
1849	1.18688
1848	1.18393
1847	1.18217
1846	1.18065
1845	1.18193
1844	1.18322
1843	1.18604
1842	1.18666
1841	1.1844
1840	1.1842
1839	1.18224
1838	1.18372
1837	1.18008
1836	1.18271
1835	1.18153
1834	1.18461
1833	1.18404
1832	1.18444
1831	1.18329
1830	1.18326
1829	1.18297
1828	1.18495
1827	1.18484
1826	1.18454
1825	1.18437
1824	1.18617
1823	1.1843
1822	1.18426
1821	1.18363
1820	1.18443
1819	1.18207
1818	1.18386
1817	1.18453
1816	1.18506
1815	1.1838
1814	1.18306
1813	1.1826
1812	1.18298
1811	1.18401
1810	1.18405
1809	1.18469
1808	1.18492
1807	1.1835
1806	1.18416
1805	1.18321
1804	1.18339
1803	1.18449
1802	1.18297
1801	1.18434
1800	1.18448
1799	1.18201
1798	1.18393
1797	1.18196
1796	1.18434
1795	1.18159
1794	1.18323
1793	1.18364
1792	1.18202
1791	1.18287
1790	1.18106
1789	1.18176
1788	1.18099
1787	1.18207
1786	1.18288
1785	1.18387
1784	1.18327
1783	1.1825
1782	1.18241
1781	1.18052
1780	1.18125
1779	1.1816
1778	1.1816
1777	1.18115
1776	1.18082
1775	1.17991
1774	1.18081
1773	1.18086
1772	1.18076
1771	1.18131
1770	1.17945
1769	1.18143
1768	1.18109
1767	1.18025
1766	1.18124
1765	1.17978
1764	1.17919
1763	1.17806
1762	1.18024
1761	1.18075
1760	1.18017
1759	1.17891
1758	1.18011
1757	1.18034
1756	1.18031
1755	1.17936
1754	1.17981
1753	1.17879
1752	1.17942
1751	1.18011
1750	1.17916
1749	1.17988
1748	1.18023
1747	1.17968
1746	1.17831
1745	1.17877
1744	1.17925
1743	1.17935
1742	1.17841
1741	1.17978
1740	1.17807
1739	1.17819
1738	1.17824
1737	1.17895
1736	1.17818
1735	1.17834
1734	1.1787
1733	1.17909
1732	1.17726
1731	1.17731
1730	1.17761
1729	1.17575
1728	1.17702
1727	1.17681
1726	1.17734
1725	1.17733
1724	1.17523
1723	1.17614
1722	1.1757
1721	1.17427
1720	1.17455
1719	1.17402
1718	1.17367
1717	1.17398
1716	1.17328
1715	1.17229
1714	1.17154
1713	1.17243
1712	1.17077
1711	1.16955
1710	1.17144
1709	1.1722
1708	1.16979
1707	1.17009
1706	1.16851
1705	1.16891
1704	1.16826
1703	1.16734
1702	1.16752
1701	1.16874
1700	1.16911
1699	1.16792
1698	1.1668
1697	1.16603
1696	1.16438
1695	1.16414
1694	1.16432
1693	1.16393
1692	1.16503
1691	1.16257
1690	1.16376
1689	1.16401
1688	1.16237
1687	1.16245
1686	1.16172
1685	1.16275
1684	1.16245
1683	1.16381
1682	1.16277
1681	1.16259
1680	1.16092
1679	1.16041
1678	1.16045
1677	1.16026
1676	1.15991
1675	1.16137
1674	1.16042
1673	1.16094
1672	1.15936
1671	1.16016
1670	1.15949
1669	1.15992
1668	1.16001
1667	1.15967
1666	1.15894
1665	1.15935
1664	1.1581
1663	1.1581
1662	1.15921
1661	1.15765
1660	1.15895
1659	1.15952
1658	1.15822
1657	1.15716
1656	1.15706
1655	1.15692
1654	1.15585
1653	1.15564
1652	1.15639
1651	1.155
1650	1.15515
1649	1.15534
1648	1.15531
1647	1.15359
1646	1.15409
1645	1.15251
1644	1.15421
1643	1.15433
1642	1.1543
1641	1.1528
1640	1.15355
1639	1.15312
1638	1.15297
1637	1.15287
1636	1.153
1635	1.15279
1634	1.15313
1633	1.1521
1632	1.15186
1631	1.15228
1630	1.15247
1629	1.15148
1628	1.15281
1627	1.15234
1626	1.15138
1625	1.15145
1624	1.15004
1623	1.15047
1622	1.15109
1621	1.15092
1620	1.15039
1619	1.15062
1618	1.15237
1617	1.15157
1616	1.15075
1615	1.15004
1614	1.14915
1613	1.15084
1612	1.15078
1611	1.15083
1610	1.15075
1609	1.1502
1608	1.14975
1607	1.14929
1606	1.14932
1605	1.15021
1604	1.15044
1603	1.15056
1602	1.14985
1601	1.14941
1600	1.14856
1599	1.14927
1598	1.14988
1597	1.14965
1596	1.1503
1595	1.14984
1594	1.14951
1593	1.14902
1592	1.14972
1591	1.14861
1590	1.15004
1589	1.14948
1588	1.14887
1587	1.14964
1586	1.14993
1585	1.14953
1584	1.15001
1583	1.14908
1582	1.14895
1581	1.14947
1580	1.14948
1579	1.14982
1578	1.15032
1577	1.14991
1576	1.15029
1575	1.14884
1574	1.14982
1573	1.14944
1572	1.1506
1571	1.15089
1570	1.15062
1569	1.15004
1568	1.14993
1567	1.15029
1566	1.15007
1565	1.14991
1564	1.15022
1563	1.15059
1562	1.15079
1561	1.15087
1560	1.14955
1559	1.15116
1558	1.15067
1557	1.14993
1556	1.14971
1555	1.15124
1554	1.1514
1553	1.15104
1552	1.15086
1551	1.15016
1550	1.15136
1549	1.15103
1548	1.15112
1547	1.15169
1546	1.15136
1545	1.15054
1544	1.15186
1543	1.15059
1542	1.15149
1541	1.15138
1540	1.15156
1539	1.15298
1538	1.15244
1537	1.15219
1536	1.15157
1535	1.15181
1534	1.15138
1533	1.15206
1532	1.1517
1531	1.15162
1530	1.15255
1529	1.15175
1528	1.15217
1527	1.15217
1526	1.15229
1525	1.15256
1524	1.15242
1523	1.15243
1522	1.15323
1521	1.1524
1520	1.1529
1519	1.15195
1518	1.1524
1517	1.15236
1516	1.15299
1515	1.15322
1514	1.15263
1513	1.15401
1512	1.15248
1511	1.15327
1510	1.15315
1509	1.1525
1508	1.15278
1507	1.15275
1506	1.15331
1505	1.15269
1504	1.15388
1503	1.15336
1502	1.15367
1501	1.15275
1500	1.15323
1499	1.15266
1498	1.15353
1497	1.15362
1496	1.15401
1495	1.15283
1494	1.15279
1493	1.1528
1492	1.15345
1491	1.15224
1490	1.15268
1489	1.15316
1488	1.15283
1487	1.15366
1486	1.15338
1485	1.15184
1484	1.15258
1483	1.15194
1482	1.15302
1481	1.15294
1480	1.15209
1479	1.15322
1478	1.15225
1477	1.15227
1476	1.15226
1475	1.15179
1474	1.15304
1473	1.15162
1472	1.15261
1471	1.15298
1470	1.15251
1469	1.15235
1468	1.15165
1467	1.15205
1466	1.15131
1465	1.15146
1464	1.15208
1463	1.15234
1462	1.15219
1461	1.15188
1460	1.15136
1459	1.15097
1458	1.15071
1457	1.15183
1456	1.15107
1455	1.15087
1454	1.15112
1453	1.15225
1452	1.15134
1451	1.14975
1450	1.14995
1449	1.15025
1448	1.15046
1447	1.15062
1446	1.15095
1445	1.15006
1444	1.1505
1443	1.1489
1442	1.14956
1441	1.14945
1440	1.14965
1439	1.14939
1438	1.14956
1437	1.14921
1436	1.15001
1435	1.14929
1434	1.14868
1433	1.14772
1432	1.14779
1431	1.14836
1430	1.14773
1429	1.14838
1428	1.14821
1427	1.14768
1426	1.14744
1425	1.14734
1424	1.14698
1423	1.1465
1422	1.14757
1421	1.14743
1420	1.14718
1419	1.14625
1418	1.14645
1417	1.14529
1416	1.14608
1415	1.14601
1414	1.14508
1413	1.14636
1412	1.14652
1411	1.14622
1410	1.14624
1409	1.14467
1408	1.14565
1407	1.1434
1406	1.14467
1405	1.14358
1404	1.14395
1403	1.14581
1402	1.1444
1401	1.14321
1400	1.14295
1399	1.14167
1398	1.14315
1397	1.14321
1396	1.14413
1395	1.14274
1394	1.14236
1393	1.14156
1392	1.14232
1391	1.14117
1390	1.14195
1389	1.14206
1388	1.14107
1387	1.14088
1386	1.14194
1385	1.14177
1384	1.14217
1383	1.14065
1382	1.14013
1381	1.13861
1380	1.1381
1379	1.1392
1378	1.1398
1377	1.13951
1376	1.13987
1375	1.13947
1374	1.13952
1373	1.13884
1372	1.13851
1371	1.13928
1370	1.13878
1369	1.13908
1368	1.13853
1367	1.13735
1366	1.13856
1365	1.13761
1364	1.13787
1363	1.13795
1362	1.13746
1361	1.13684
1360	1.13712
1359	1.13601
1358	1.13632
1357	1.13666
1356	1.13574
1355	1.13526
1354	1.1343
1353	1.13477
1352	1.1353
1351	1.13593
1350	1.13525
1349	1.13614
1348	1.13429
1347	1.13492
1346	1.13504
1345	1.1347
1344	1.13476
1343	1.13416
1342	1.13545
1341	1.13481
1340	1.13457
1339	1.13429
1338	1.13431
1337	1.13444
1336	1.13426
1335	1.13473
1334	1.13541
1333	1.13513
1332	1.13447
1331	1.13419
1330	1.13467
1329	1.13424
1328	1.13422
1327	1.13448
1326	1.13467
1325	1.13442
1324	1.13456
1323	1.13412
1322	1.13466
1321	1.13406
1320	1.13466
1319	1.13385
1318	1.13479
1317	1.13442
1316	1.13552
1315	1.13584
1314	1.13492
1313	1.13508
1312	1.13533
1311	1.13475
1310	1.13439
1309	1.13525
1308	1.13574
1307	1.13594
1306	1.13572
1305	1.1352
1304	1.13518
1303	1.13606
1302	1.13577
1301	1.13581
1300	1.13605
1299	1.13619
1298	1.13626
1297	1.13627
1296	1.13686
1295	1.13648
1294	1.13662
1293	1.1366
1292	1.13723
1291	1.13719
1290	1.13706
1289	1.13774
1288	1.13784
1287	1.13764
1286	1.13815
1285	1.13803
1284	1.1385
1283	1.13886
1282	1.13873
1281	1.13897
1280	1.13835
1279	1.13892
1278	1.13881
1277	1.13942
1276	1.13944
1275	1.13997
1274	1.14053
1273	1.14046
1272	1.13979
1271	1.14123
1270	1.14055
1269	1.14012
1268	1.14085
1267	1.14114
1266	1.14156
1265	1.14106
1264	1.14104
1263	1.14123
1262	1.14123
1261	1.1409
1260	1.14221
1259	1.14209
1258	1.14195
1257	1.14131
1256	1.14095
1255	1.14252
1254	1.1419
1253	1.14241
1252	1.14211
1251	1.14193
1250	1.14228
1249	1.14222
1248	1.14169
1247	1.14187
1246	1.1416
1245	1.14212
1244	1.14224
1243	1.14258
1242	1.14243
1241	1.14156
1240	1.14161
1239	1.14137
1238	1.14202
1237	1.14115
1236	1.14184
1235	1.14204
1234	1.14156
1233	1.14134
1232	1.14174
1231	1.14099
1230	1.14139
1229	1.14075
1228	1.14103
1227	1.14107
1226	1.14116
1225	1.14025
1224	1.13993
1223	1.14009
1222	1.14042
1221	1.13981
1220	1.13926
1219	1.14024
1218	1.13924
1217	1.13893
1216	1.13933
1215	1.13807
1214	1.13824
1213	1.13777
1212	1.13868
1211	1.13805
1210	1.13834
1209	1.13794
1208	1.13651
1207	1.13683
1206	1.13706
1205	1.13593
1204	1.13663
1203	1.137
1202	1.13616
1201	1.13593
1200	1.13383
1199	1.13401
1198	1.13348
1197	1.13326
1196	1.13273
1195	1.13216
1194	1.13173
1193	1.13193
1192	1.13074
1191	1.13129
1190	1.1311
1189	1.13087
1188	1.13024
1187	1.13082
1186	1.12978
1185	1.12986
1184	1.12933
1183	1.12861
1182	1.13004
1181	1.12957
1180	1.12996
1179	1.12905
1178	1.12838
1177	1.12895
1176	1.12848
1175	1.12826
1174	1.12794
1173	1.12871
1172	1.12857
1171	1.1289
1170	1.12832
1169	1.12796
1168	1.12861
1167	1.12735
1166	1.12782
1165	1.12843
1164	1.12885
1163	1.12834
1162	1.12817
1161	1.12736
1160	1.12847
1159	1.12792
1158	1.12867
1157	1.12837
1156	1.1289
1155	1.12871
1154	1.12861
1153	1.12877
1152	1.12897
1151	1.12889
1150	1.12953
1149	1.12953
1148	1.12981
1147	1.13014
1146	1.12986
1145	1.13001
1144	1.13044
1143	1.13064
1142	1.13165
1141	1.13196
1140	1.13272
1139	1.13263
1138	1.13267
1137	1.13302
1136	1.13233
1135	1.1329
1134	1.13435
1133	1.13454
1132	1.13511
1131	1.13498
1130	1.13523
1129	1.13539
1128	1.13595
1127	1.13678
1126	1.13754
1125	1.13763
1124	1.1376
1123	1.13852
1122	1.13859
1121	1.13811
1120	1.13963
1119	1.14032
1118	1.13999
1117	1.14123
1116	1.1425
1115	1.14133
1114	1.14278
1113	1.14277
1112	1.14281
1111	1.1436
1110	1.14503
1109	1.14536
1108	1.14524
1107	1.1457
1106	1.14497
1105	1.14643
1104	1.14668
1103	1.14788
1102	1.14899
1101	1.14873
1100	1.14858
1099	1.14941
1098	1.14958
1097	1.1508
1096	1.15154
1095	1.15168
1094	1.15283
1093	1.15199
1092	1.15279
1091	1.1529
1090	1.15302
1089	1.15395
1088	1.15465
1087	1.15485
1086	1.15606
1085	1.15662
1084	1.15728
1083	1.15711
1082	1.15782
1081	1.15858
1080	1.16034
1079	1.15982
1078	1.16082
1077	1.16206
1076	1.16224
1075	1.16223
1074	1.16221
1073	1.16364
1072	1.16389
1071	1.16525
1070	1.16601
1069	1.16596
1068	1.16701
1067	1.16692
1066	1.16644
1065	1.16689
1064	1.16909
1063	1.16946
1062	1.17167
1061	1.17204
1060	1.17289
1059	1.17144
1058	1.17379
1057	1.17396
1056	1.17359
1055	1.17525
1054	1.1775
1053	1.17819
1052	1.17851
1051	1.17752
1050	1.1794
1049	1.1783
1048	1.18166
1047	1.18149
1046	1.18215
1045	1.1841
1044	1.18468
1043	1.1831
1042	1.18574
1041	1.18571
1040	1.18682
1039	1.18717
1038	1.18909
1037	1.18984
1036	1.19038
1035	1.19153
1034	1.19028
1033	1.19252
1032	1.19403
1031	1.19325
1030	1.19551
1029	1.19519
1028	1.1983
1027	1.19863
1026	1.19888
1025	1.19783
1024	1.19923
1023	1.19812
1022	1.2009
1021	1.20103
1020	1.20228
1019	1.20244
1018	1.20412
1017	1.2034
1016	1.20404
1015	1.20507
1014	1.20586
1013	1.2061
1012	1.20802
1011	1.20923
1010	1.20822
1009	1.20789
1008	1.20874
1007	1.20936
1006	1.2118
1005	1.21141
1004	1.21339
1003	1.21349
1002	1.21249
1001	1.21247
1000	1.2147
999	1.21516
998	1.21504
997	1.21722
996	1.217
995	1.219
994	1.21686
993	1.21866
992	1.21782
991	1.21943
990	1.21982
989	1.21966
988	1.2216
987	1.22178
986	1.22284
985	1.22365
984	1.22248
983	1.22061
982	1.22043
981	1.22333
980	1.22562
979	1.22453
978	1.22223
977	1.22501
976	1.2238
975	1.22321
974	1.2249
973	1.22558
972	1.22542
971	1.22591
970	1.22601
969	1.22477
968	1.22555
967	1.22573
966	1.2262
965	1.22636
964	1.22472
963	1.22587
962	1.22685
961	1.22663
960	1.22778
959	1.22658
958	1.22504
957	1.22518
956	1.22724
955	1.22857
954	1.22701
953	1.22788
952	1.22608
951	1.22579
950	1.22315
949	1.22209
948	1.22575
947	1.2242
946	1.22694
945	1.22613
944	1.22293
943	1.22195
942	1.22238
941	1.22138
940	1.22278
939	1.22339
938	1.22176
937	1.22262
936	1.2207
935	1.22136
934	1.21843
933	1.21894
932	1.21974
931	1.21833
930	1.2192
929	1.22029
928	1.21933
927	1.21677
926	1.21728
925	1.21868
924	1.21421
923	1.22095
922	1.21653
921	1.21678
920	1.22004
919	1.215
918	1.21602
917	1.2157
916	1.21501
915	1.21507
914	1.21652
913	1.21719
912	1.21412
911	1.21267
910	1.21473
909	1.21114
908	1.21339
907	1.21284
906	1.21381
905	1.21511
904	1.21609
903	1.21781
902	1.21484
901	1.21122
900	1.21586
899	1.21388
898	1.21642
897	1.21171
896	1.21592
895	1.21767
894	1.21484
893	1.21534
892	1.21311
891	1.2154
890	1.2142
889	1.21766
888	1.21659
887	1.21356
886	1.217
885	1.21276
884	1.21421
883	1.21772
882	1.21814
881	1.2189
880	1.22145
879	1.22002
878	1.22353
877	1.21849
876	1.21396
875	1.218
874	1.21815
873	1.21612
872	1.21947
871	1.22263
870	1.22061
869	1.21199
868	1.21043
867	1.20994
866	1.21962
865	1.22059
864	1.22154
863	1.21915
862	1.2214
861	1.22151
860	1.21608
859	1.21286
858	1.21401
857	1.21247
856	1.2189
855	1.21121
854	1.22014
853	1.21882
852	1.21236
851	1.20909
850	1.18755
849	1.19062
848	1.19015
847	1.19086
846	1.19101
845	1.19275
844	1.19484
843	1.19768
842	1.1995
841	1.1999
840	1.20084
839	1.2021
838	1.20366
837	1.20492
836	1.20647
835	1.20723
834	1.20829
833	1.21042
832	1.21044
831	1.21218
830	1.21184
829	1.21366
828	1.21438
827	1.21494
826	1.21535
825	1.21645
824	1.21698
823	1.2169
822	1.21746
821	1.21745
820	1.21913
819	1.21722
818	1.21766
817	1.21879
816	1.21884
815	1.2191
814	1.21841
813	1.21928
812	1.21964
811	1.21935
810	1.22008
809	1.2194
808	1.22086
807	1.21884
806	1.2192
805	1.21876
804	1.21891
803	1.21879
802	1.21859
801	1.21928
800	1.21962
799	1.2186
798	1.21915
797	1.21782
796	1.21835
795	1.21851
794	1.21886
793	1.21844
792	1.21854
791	1.21869
790	1.21678
789	1.21741
788	1.21677
787	1.21694
786	1.21754
785	1.21729
784	1.21713
783	1.2172
782	1.21655
781	1.21618
780	1.21552
779	1.21558
778	1.21629
777	1.21633
776	1.21654
775	1.21568
774	1.21596
773	1.21476
772	1.21476
771	1.21497
770	1.21435
769	1.21412
768	1.21482
767	1.21401
766	1.21456
765	1.21377
764	1.21457
763	1.21377
762	1.21423
761	1.21409
760	1.21468
759	1.21445
758	1.21353
757	1.21333
756	1.21282
755	1.21306
754	1.2137
753	1.21412
752	1.21388
751	1.21404
750	1.21287
749	1.21272
748	1.21262
747	1.21266
746	1.21287
745	1.21254
744	1.21271
743	1.21316
742	1.21236
741	1.21188
740	1.21335
739	1.21339
738	1.21272
737	1.2129
736	1.21358
735	1.21314
734	1.21315
733	1.2128
732	1.21353
731	1.21266
730	1.21266
729	1.21321
728	1.21315
727	1.21311
726	1.2132
725	1.21356
724	1.21208
723	1.21236
722	1.21284
721	1.21288
720	1.21307
719	1.21344
718	1.21249
717	1.21309
716	1.21185
715	1.21289
714	1.21331
713	1.21358
712	1.21419
711	1.21479
710	1.21408
709	1.21387
708	1.2143
707	1.2139
706	1.21403
705	1.21406
704	1.21406
703	1.21458
702	1.21493
701	1.21462
700	1.21484



[コメント情報]
試料名	170714 subs
オペレーター	
所属	
コメント	

[データ情報]
作成日時	2017/07/14 12:25
スタート	2700 nm
エンド	700 nm
データ間隔	1 nm
データ数	2001    

[測定情報]
機種名	V-770
シリアル番号	A034761801
測光モード	Abs
UV/Vis バンド幅	1 nm
NIR バンド幅	4 nm
レスポンス	Quick
走査速度	200 nm/min
光源	自動
光源切換	340 nm
回折格子切換	850 nm

[付属品情報]
付属品名	USE-753
シリアル番号	A034761801
