TITLE	
DATA TYPE	
ORIGIN	JASCO
OWNER	
DATE	17/09/26
TIME	15:45:00
SPECTROMETER/DATA SYSTEM	JASCO Corp., V-770, Rev. 1.00
RESOLUTION	
DELTAX	-1
XUNITS	NANOMETERS
YUNITS	TRANSMITTANCE
FIRSTX	1500
LASTX	700
NPOINTS	801
FIRSTY	0.311531
MAXY	0.565935
MINY	-0.373681
XYDATA
1500	0.311531
1499	0.311211
1498	0.280685
1497	0.26607
1496	0.29142
1495	0.357624
1494	0.35432
1493	0.364658
1492	0.275257
1491	0.309565
1490	0.230117
1489	0.289608
1488	0.265711
1487	0.337779
1486	0.323213
1485	0.316263
1484	0.29049
1483	0.248599
1482	0.33979
1481	0.259311
1480	0.29157
1479	0.294551
1478	0.314999
1477	0.315619
1476	0.333038
1475	0.321993
1474	0.301327
1473	0.243783
1472	0.287369
1471	0.26428
1470	0.298236
1469	0.311528
1468	0.328224
1467	0.302413
1466	0.350289
1465	0.288272
1464	0.286243
1463	0.292145
1462	0.280933
1461	0.263663
1460	0.256915
1459	0.321308
1458	0.339501
1457	0.304123
1456	0.308967
1455	0.256658
1454	0.256764
1453	0.250872
1452	0.298121
1451	0.344177
1450	0.267832
1449	0.292767
1448	0.295663
1447	0.293873
1446	0.315988
1445	0.228816
1444	0.291939
1443	0.297159
1442	0.313693
1441	0.345139
1440	0.289544
1439	0.306384
1438	0.261359
1437	0.268352
1436	0.331019
1435	0.340584
1434	0.379492
1433	0.339529
1432	0.315634
1431	0.300086
1430	0.276201
1429	0.292276
1428	0.306461
1427	0.267079
1426	0.256423
1425	0.293742
1424	0.278406
1423	0.284731
1422	0.274283
1421	0.261387
1420	0.309261
1419	0.330368
1418	0.321519
1417	0.318872
1416	0.300392
1415	0.282933
1414	0.278259
1413	0.283127
1412	0.294345
1411	0.312584
1410	0.335011
1409	0.338028
1408	0.322568
1407	0.290972
1406	0.250101
1405	0.304146
1404	0.334734
1403	0.282022
1402	0.266028
1401	0.291268
1400	0.322836
1399	0.314875
1398	0.306563
1397	0.282944
1396	0.310831
1395	0.263166
1394	0.285802
1393	0.367077
1392	0.318892
1391	0.288463
1390	0.303877
1389	0.355794
1388	0.283808
1387	0.2802
1386	0.338099
1385	0.33561
1384	0.324761
1383	0.358621
1382	0.315128
1381	0.27003
1380	0.274913
1379	0.312339
1378	0.301905
1377	0.324376
1376	0.319465
1375	0.364413
1374	0.308601
1373	0.330302
1372	0.317247
1371	0.365474
1370	0.266623
1369	0.328193
1368	0.301017
1367	0.374933
1366	0.277976
1365	0.296233
1364	0.255756
1363	0.323617
1362	0.300872
1361	0.277081
1360	0.315094
1359	0.309526
1358	0.336779
1357	0.35631
1356	0.332495
1355	0.317168
1354	0.307813
1353	0.280734
1352	0.330862
1351	0.328772
1350	0.358635
1349	0.31643
1348	0.338872
1347	0.325721
1346	0.314805
1345	0.229981
1344	0.323554
1343	0.334469
1342	0.35874
1341	0.313437
1340	0.356981
1339	0.284237
1338	0.278545
1337	0.309262
1336	0.310009
1335	0.276957
1334	0.371735
1333	0.345968
1332	0.340098
1331	0.353883
1330	0.30771
1329	0.283919
1328	0.320183
1327	0.251189
1326	0.288969
1325	0.277389
1324	0.29681
1323	0.360654
1322	0.293361
1321	0.26617
1320	0.34222
1319	0.318925
1318	0.299314
1317	0.299159
1316	0.349015
1315	0.338794
1314	0.361819
1313	0.327477
1312	0.342107
1311	0.299987
1310	0.306058
1309	0.329976
1308	0.315815
1307	0.300008
1306	0.282232
1305	0.315416
1304	0.332378
1303	0.295214
1302	0.310046
1301	0.307136
1300	0.28186
1299	0.302149
1298	0.286952
1297	0.35434
1296	0.342308
1295	0.30188
1294	0.335162
1293	0.308294
1292	0.290873
1291	0.324854
1290	0.327509
1289	0.294929
1288	0.321745
1287	0.337348
1286	0.342441
1285	0.293713
1284	0.34112
1283	0.267564
1282	0.301774
1281	0.289351
1280	0.300795
1279	0.387213
1278	0.354343
1277	0.338764
1276	0.339193
1275	0.362366
1274	0.345384
1273	0.273164
1272	0.274488
1271	0.304551
1270	0.270696
1269	0.29015
1268	0.301415
1267	0.333801
1266	0.354304
1265	0.333187
1264	0.325508
1263	0.306412
1262	0.299481
1261	0.350109
1260	0.338925
1259	0.321381
1258	0.332963
1257	0.339982
1256	0.34437
1255	0.341151
1254	0.301436
1253	0.340247
1252	0.348873
1251	0.304195
1250	0.258967
1249	0.330729
1248	0.284971
1247	0.332032
1246	0.314614
1245	0.360346
1244	0.306125
1243	0.340347
1242	0.291407
1241	0.305914
1240	0.326176
1239	0.301477
1238	0.31531
1237	0.37463
1236	0.361901
1235	0.342474
1234	0.305655
1233	0.352081
1232	0.327139
1231	0.309675
1230	0.267543
1229	0.242491
1228	0.34965
1227	0.334588
1226	0.326099
1225	0.326656
1224	0.358152
1223	0.321512
1222	0.322744
1221	0.277976
1220	0.28653
1219	0.313089
1218	0.276839
1217	0.329446
1216	0.329366
1215	0.344009
1214	0.329131
1213	0.355468
1212	0.302557
1211	0.322726
1210	0.304041
1209	0.288714
1208	0.279804
1207	0.296718
1206	0.316461
1205	0.370006
1204	0.338501
1203	0.363477
1202	0.328269
1201	0.320336
1200	0.32992
1199	0.277518
1198	0.280586
1197	0.2855
1196	0.311411
1195	0.290361
1194	0.401805
1193	0.365779
1192	0.31857
1191	0.350053
1190	0.350381
1189	0.275095
1188	0.302704
1187	0.295719
1186	0.235581
1185	0.274346
1184	0.340748
1183	0.326812
1182	0.359407
1181	0.355755
1180	0.320481
1179	0.301968
1178	0.351295
1177	0.291059
1176	0.277401
1175	0.28386
1174	0.328693
1173	0.338026
1172	0.369197
1171	0.3756
1170	0.347058
1169	0.289506
1168	0.361127
1167	0.363032
1166	0.297257
1165	0.319352
1164	0.295977
1163	0.378638
1162	0.336989
1161	0.310063
1160	0.298624
1159	0.359274
1158	0.295786
1157	0.277712
1156	0.339826
1155	0.260978
1154	0.332915
1153	0.31342
1152	0.303755
1151	0.326037
1150	0.354384
1149	0.31762
1148	0.301788
1147	0.329623
1146	0.311002
1145	0.252454
1144	0.326474
1143	0.317757
1142	0.342679
1141	0.299873
1140	0.34032
1139	0.299491
1138	0.34646
1137	0.292587
1136	0.254762
1135	0.319214
1134	0.274969
1133	0.319677
1132	0.325246
1131	0.292408
1130	0.283431
1129	0.357166
1128	0.325469
1127	0.264173
1126	0.293159
1125	0.263856
1124	0.292652
1123	0.291813
1122	0.327813
1121	0.31774
1120	0.322974
1119	0.3103
1118	0.369904
1117	0.314873
1116	0.296464
1115	0.301302
1114	0.313651
1113	0.284661
1112	0.327183
1111	0.330363
1110	0.342346
1109	0.262379
1108	0.257768
1107	0.271314
1106	0.281397
1105	0.299235
1104	0.259037
1103	0.323731
1102	0.362625
1101	0.317938
1100	0.270046
1099	0.316697
1098	0.245888
1097	0.255752
1096	0.270441
1095	0.278897
1094	0.347111
1093	0.309962
1092	0.333187
1091	0.282828
1090	0.325553
1089	0.263792
1088	0.230389
1087	0.209304
1086	0.237546
1085	0.242634
1084	0.26049
1083	0.288593
1082	0.249809
1081	0.224947
1080	0.209279
1079	0.280879
1078	0.23927
1077	0.208547
1076	0.255889
1075	0.266484
1074	0.265281
1073	0.222641
1072	0.258117
1071	0.197685
1070	0.150382
1069	0.234239
1068	0.258605
1067	0.296975
1066	0.247821
1065	0.26167
1064	0.253202
1063	0.199855
1062	0.221261
1061	0.199659
1060	0.211598
1059	0.143457
1058	0.185178
1057	0.273938
1056	0.180927
1055	0.116732
1054	0.19485
1053	0.140715
1052	0.166308
1051	0.138297
1050	0.081101
1049	0.142942
1048	0.2328
1047	0.232751
1046	0.202257
1045	0.0959839
1044	0.151197
1043	0.0841525
1042	0.14105
1041	0.110778
1040	0.165245
1039	0.144991
1038	0.179652
1037	0.208416
1036	0.0843931
1035	0.0672135
1034	0.153771
1033	0.12735
1032	0.0732574
1031	0.111016
1030	0.181431
1029	0.184343
1028	0.11922
1027	0.0396125
1026	0.0478246
1025	0.0318563
1024	0.0647525
1023	0.0807704
1022	0.0817185
1021	0.123741
1020	0.10411
1019	0.112606
1018	0.0324221
1017	0.0328206
1016	0.00688742
1015	0.0657642
1014	0.0904071
1013	0.0834688
1012	0.0785805
1011	0.0965641
1010	0.0463431
1009	-0.0542405
1008	0.0576344
1007	0.0061363
1006	-0.0380581
1005	-0.0233873
1004	0.0533957
1003	0.0521884
1002	0.110964
1001	0.0993675
1000	0.00244234
999	-0.00889226
998	-0.00444578
997	0.0535901
996	-0.00956384
995	0.0573181
994	0.00295843
993	0.0468304
992	-0.0314362
991	0.0214857
990	-0.0519459
989	-0.0465868
988	-0.0519216
987	-0.00703107
986	0.0418543
985	0.037783
984	0.015755
983	0.0439966
982	-0.0496077
981	-0.0414613
980	-0.0751243
979	0.044313
978	0.0137508
977	0.155693
976	-0.0601201
975	0.0443494
974	0.0593538
973	-0.00733061
972	-0.0496508
971	0.0394739
970	0.021476
969	0.0799917
968	0.00931485
967	0.163258
966	0.0733366
965	0.0207846
964	-0.00926306
963	-0.0488648
962	0.0243811
961	-0.0231457
960	0.022561
959	0.0835223
958	0.126986
957	0.0115431
956	-0.0462002
955	0.0313805
954	-0.133306
953	-0.115932
952	-0.0958744
951	0.106737
950	0.00577404
949	0.0730924
948	0.0596492
947	-0.0824945
946	0.00588958
945	-0.173457
944	0.00723418
943	0.0902923
942	-0.0176251
941	0.049201
940	0.0628098
939	0.00326889
938	0.0141067
937	-0.115865
936	-0.029175
935	0.0489814
934	0.0296094
933	0.0319676
932	0.100616
931	0.130255
930	0.0185299
929	-0.0709014
928	-0.0365257
927	-0.00826086
926	-0.050801
925	0.0861323
924	0.0480569
923	-0.0172256
922	-0.0690258
921	0.0387539
920	-0.0146396
919	-0.139535
918	0.0824888
917	0.0579804
916	-0.0771687
915	0.209413
914	0.095883
913	0.197697
912	0.0552532
911	-0.0201488
910	-0.183889
909	-0.0144619
908	0.0987043
907	0.00886163
906	-0.0939673
905	0.0481514
904	0.154837
903	-0.0502953
902	0.0596807
901	-0.0179737
900	-0.000642159
899	0.188214
898	-0.0415525
897	-0.0306113
896	0.130995
895	0.0988981
894	0.147592
893	-0.0598239
892	0.0642971
891	-0.156455
890	0.103054
889	0.054484
888	0.126036
887	0.200091
886	0.22114
885	0.103179
884	0.0204974
883	-0.0775239
882	0.0227023
881	0.0293536
880	0.228571
879	0.144648
878	0.240774
877	-0.170921
876	-0.156254
875	0.120413
874	-0.204801
873	-0.0636993
872	-0.105217
871	0.180083
870	0.0291705
869	0.191289
868	-0.0628199
867	0.122816
866	0.209463
865	0.0841998
864	0.0109095
863	0.109201
862	0.329293
861	0.523974
860	0.353957
859	-0.00129659
858	-0.373681
857	0.115619
856	0.0654295
855	0.0555993
854	-0.0897983
853	0.565935
852	0.348196
851	-0.0205284
850	-0.00601003
849	-0.00400202
848	0.00174074
847	0.00442157
846	0.00500019
845	0.00221469
844	0.00283551
843	-0.00102326
842	-0.00389979
841	-0.00552484
840	-0.00281788
839	0.00290158
838	0.00271492
837	0.00227879
836	0.00391993
835	0.00133108
834	-0.00268775
833	-0.00467355
832	-0.00390046
831	-4.60657E-05
830	0.00367154
829	0.00430193
828	0.00387037
827	0.000892972
826	-0.00184032
825	-0.00448086
824	-0.00504625
823	-0.00121022
822	0.00125863
821	0.00280701
820	0.00353934
819	0.00106823
818	-0.000360431
817	-0.0031417
816	-0.005106
815	-0.00238486
814	0.000815896
813	0.00270418
812	0.00292769
811	0.00300475
810	0.00121074
809	-0.00314258
808	-0.00511306
807	-0.00440896
806	-0.000323702
805	0.00311574
804	0.00409506
803	0.00381948
802	0.00053971
801	-0.00222271
800	-0.00429233
799	-0.0042468
798	-0.000739821
797	0.0022265
796	0.00406479
795	0.00292998
794	0.00100314
793	-0.00209789
792	-0.00407388
791	-0.00466021
790	-0.00163919
789	0.00249105
788	0.00374401
787	0.00320129
786	0.000655563
785	-0.000842516
784	-0.00373594
783	-0.00510024
782	-0.00231618
781	0.00155081
780	0.00317781
779	0.0033673
778	0.0015026
777	-0.000594282
776	-0.00366693
775	-0.00481359
774	-0.00304075
773	0.000475497
772	0.00290224
771	0.00293019
770	0.00276937
769	-0.000222542
768	-0.0032569
767	-0.00489228
766	-0.00378085
765	-0.000407987
764	0.00244875
763	0.00365075
762	0.00350756
761	0.000600904
760	-0.00241585
759	-0.00574993
758	-0.00418619
757	-0.000751866
756	0.00215135
755	0.00456791
754	0.00368051
753	0.000791595
752	-0.00194993
751	-0.00485076
750	-0.00426642
749	-0.00212824
748	0.00125305
747	0.00384416
746	0.0036926
745	0.00192979
744	-0.000707399
743	-0.00304172
742	-0.00484783
741	-0.00306085
740	0.00375531
739	0.0026686
738	-0.000148564
737	-0.00293013
736	-0.00480777
735	-0.00419288
734	-0.000901243
733	0.00237111
732	0.00460912
731	0.0031543
730	0.00107373
729	-0.00199031
728	-0.00421993
727	-0.00447056
726	-0.00230389
725	0.000194437
724	0.0027661
723	0.00387777
722	0.00308104
721	0.00101866
720	-0.00280427
719	-0.00467817
718	-0.00411601
717	-0.00125478
716	0.000862672
715	0.00380323
714	0.00291062
713	0.00255562
712	-0.000158169
711	-0.00305134
710	-0.00522412
709	-0.00383834
708	-0.00143793
707	0.00163404
706	0.00427623
705	0.00410619
704	0.0016614
703	-0.000593814
702	-0.00286363
701	-0.00436991
700	-0.00338127



[コメント情報]
試料名	ﾍ
オペレーター	
所属	
コメント	

[データ情報]
作成日時	2017/09/26 15:45
スタート	1500 nm
エンド	700 nm
データ間隔	1 nm
データ数	801     

[測定情報]
機種名	V-770
シリアル番号	A034761801
測光モード	%T
UV/Vis バンド幅	0.5 nm
NIR バンド幅	2 nm
レスポンス	Quick
走査速度	200 nm/min
光源	自動
光源切換	340 nm
回折格子切換	850 nm
