TITLE	
DATA TYPE	
ORIGIN	JASCO
OWNER	
DATE	17/08/01
TIME	11:25:00
SPECTROMETER/DATA SYSTEM	JASCO Corp., V-770, Rev. 1.00
RESOLUTION	
DELTAX	-1
XUNITS	NANOMETERS
YUNITS	TRANSMITTANCE
FIRSTX	2300
LASTX	700
NPOINTS	1601
FIRSTY	2.80408
MAXY	3.24546
MINY	-0.536222
XYDATA
2300	2.80408
2299	3.11291
2298	2.92831
2297	2.82722
2296	3.12805
2295	3.24546
2294	2.92976
2293	2.8702
2292	3.09087
2291	2.96214
2290	3.02916
2289	2.97922
2288	2.64577
2287	2.92731
2286	3.05311
2285	2.55216
2284	2.80332
2283	2.80521
2282	2.83303
2281	2.89021
2280	3.05985
2279	3.07118
2278	2.96621
2277	2.82607
2276	2.88317
2275	2.81706
2274	2.89103
2273	3.02667
2272	2.90593
2271	2.6854
2270	2.9561
2269	2.73862
2268	3.10191
2267	2.74613
2266	3.01366
2265	2.99086
2264	2.71429
2263	3.01652
2262	2.66893
2261	2.77979
2260	3.11303
2259	3.06496
2258	3.07836
2257	3.01078
2256	2.71961
2255	2.78136
2254	2.87253
2253	2.88195
2252	2.7748
2251	2.6898
2250	2.94609
2249	2.89771
2248	2.5263
2247	2.90837
2246	2.94272
2245	2.60693
2244	2.64525
2243	2.76038
2242	3.04169
2241	2.75403
2240	2.46551
2239	2.99939
2238	2.70232
2237	2.52652
2236	2.68486
2235	2.75072
2234	2.48182
2233	3.04756
2232	2.46514
2231	2.81268
2230	2.62098
2229	2.62216
2228	2.70201
2227	2.62981
2226	2.93317
2225	2.80408
2224	2.54061
2223	2.80492
2222	2.83656
2221	2.41677
2220	2.67047
2219	2.43697
2218	2.53572
2217	2.76413
2216	2.80835
2215	2.77776
2214	2.80687
2213	2.37383
2212	3.24011
2211	2.49283
2210	2.92196
2209	2.73082
2208	2.70531
2207	2.65484
2206	2.97185
2205	2.21535
2204	2.82793
2203	2.47159
2202	2.5987
2201	2.8007
2200	2.53657
2199	2.86421
2198	2.52394
2197	2.49093
2196	2.57709
2195	2.51535
2194	2.48277
2193	2.57752
2192	2.60382
2191	2.61373
2190	2.60748
2189	2.54293
2188	2.6027
2187	2.49843
2186	2.5041
2185	2.48664
2184	2.36414
2183	2.62795
2182	2.72166
2181	2.47379
2180	2.51534
2179	2.61986
2178	2.57837
2177	2.36322
2176	2.43981
2175	2.49142
2174	2.38101
2173	2.4509
2172	2.36932
2171	2.49488
2170	2.50203
2169	2.33425
2168	2.66537
2167	2.39386
2166	2.68677
2165	2.34867
2164	2.58925
2163	2.4068
2162	2.42962
2161	2.45891
2160	2.60371
2159	2.53332
2158	2.69362
2157	2.43145
2156	2.84186
2155	2.31291
2154	2.38163
2153	2.62433
2152	2.49581
2151	2.50705
2150	2.22875
2149	2.58768
2148	2.58429
2147	2.18527
2146	2.38064
2145	2.4696
2144	2.51764
2143	2.61613
2142	2.20866
2141	2.52796
2140	2.51569
2139	2.2756
2138	2.41996
2137	2.32517
2136	2.37534
2135	2.64291
2134	2.34666
2133	2.42052
2132	2.68701
2131	2.14769
2130	2.34938
2129	2.22952
2128	2.27641
2127	2.57591
2126	2.37549
2125	2.08195
2124	2.33308
2123	2.16322
2122	2.42688
2121	2.45221
2120	2.31369
2119	2.49136
2118	2.31022
2117	2.3
2116	2.44042
2115	2.23118
2114	2.32061
2113	2.37191
2112	2.16466
2111	2.48864
2110	2.38129
2109	2.28714
2108	2.4545
2107	2.19062
2106	2.30855
2105	2.30725
2104	2.36118
2103	2.54029
2102	2.31494
2101	2.35919
2100	2.46013
2099	2.35938
2098	2.34426
2097	2.37851
2096	2.13844
2095	2.4611
2094	2.22246
2093	2.2967
2092	2.34035
2091	2.29125
2090	2.46028
2089	2.27324
2088	2.29752
2087	2.27804
2086	2.24313
2085	2.20307
2084	2.12269
2083	2.1353
2082	2.20782
2081	2.32945
2080	2.23251
2079	2.27801
2078	2.11602
2077	2.19171
2076	2.28999
2075	2.00109
2074	2.4209
2073	2.06469
2072	2.11093
2071	2.27829
2070	2.0489
2069	2.10528
2068	2.28884
2067	2.20679
2066	2.33616
2065	1.95549
2064	2.08524
2063	2.0361
2062	1.99099
2061	2.22779
2060	2.09548
2059	2.06554
2058	2.17203
2057	2.116
2056	2.13726
2055	2.23367
2054	1.94297
2053	2.20225
2052	2.21902
2051	2.08043
2050	2.27076
2049	1.96972
2048	2.17208
2047	2.17915
2046	2.15555
2045	2.02267
2044	2.28622
2043	2.23645
2042	2.1313
2041	1.89225
2040	2.26251
2039	2.16487
2038	1.93447
2037	2.17474
2036	2.14034
2035	1.76555
2034	2.19388
2033	2.02528
2032	2.14165
2031	2.252
2030	1.91701
2029	2.15723
2028	1.95536
2027	2.15664
2026	2.09308
2025	2.04486
2024	1.90609
2023	2.07552
2022	2.01616
2021	2.10765
2020	2.06631
2019	1.91816
2018	1.99743
2017	1.92341
2016	2.09597
2015	2.0431
2014	2.01003
2013	2.06283
2012	2.03757
2011	1.83501
2010	2.03534
2009	1.93356
2008	1.91354
2007	2.09549
2006	1.87454
2005	2.07055
2004	2.00871
2003	1.78716
2002	2.03944
2001	2.01501
2000	1.78917
1999	2.08914
1998	1.95956
1997	2.1831
1996	1.89705
1995	1.94687
1994	1.89935
1993	1.82951
1992	2.21983
1991	2.0629
1990	1.85455
1989	2.02639
1988	1.84481
1987	1.86519
1986	2.13739
1985	2.07502
1984	1.93201
1983	1.94641
1982	1.87397
1981	2.0155
1980	1.87623
1979	1.87035
1978	1.99348
1977	1.84321
1976	1.96698
1975	1.86002
1974	1.97287
1973	1.91738
1972	1.88919
1971	1.91957
1970	1.91748
1969	1.91209
1968	1.87809
1967	1.95962
1966	1.84402
1965	1.90458
1964	1.69269
1963	1.89938
1962	1.93128
1961	1.7498
1960	1.92054
1959	1.86336
1958	1.76948
1957	1.78909
1956	1.83896
1955	1.89349
1954	1.88208
1953	1.7654
1952	2.00339
1951	1.80952
1950	1.88328
1949	1.99036
1948	1.81443
1947	1.86014
1946	1.71106
1945	1.73087
1944	1.86193
1943	1.86501
1942	1.91969
1941	1.96785
1940	1.8031
1939	1.70497
1938	1.86501
1937	1.735
1936	1.90313
1935	1.75216
1934	1.69733
1933	1.79994
1932	1.7076
1931	1.7768
1930	1.96754
1929	1.82545
1928	1.98449
1927	1.78674
1926	1.73084
1925	1.68156
1924	1.83428
1923	1.74254
1922	1.77791
1921	1.61213
1920	1.77277
1919	1.6489
1918	1.8992
1917	1.65801
1916	1.72278
1915	1.89942
1914	1.87047
1913	1.64766
1912	1.85697
1911	1.67928
1910	1.73008
1909	1.75424
1908	1.67537
1907	1.90806
1906	1.78934
1905	1.89916
1904	1.90627
1903	1.6129
1902	1.84406
1901	1.92019
1900	1.6518
1899	1.66103
1898	1.73054
1897	1.69204
1896	1.75248
1895	1.74555
1894	1.711
1893	1.83998
1892	1.63428
1891	1.72245
1890	1.78593
1889	1.77892
1888	1.69306
1887	1.67434
1886	1.63831
1885	1.72249
1884	1.75617
1883	1.78296
1882	1.71228
1881	1.71047
1880	1.8796
1879	1.66601
1878	1.68873
1877	1.71497
1876	1.67167
1875	1.70308
1874	1.68765
1873	1.60192
1872	1.88227
1871	1.63228
1870	1.68218
1869	1.78717
1868	1.49087
1867	1.68161
1866	1.59209
1865	1.67666
1864	1.66238
1863	1.67547
1862	1.73651
1861	1.63455
1860	1.69611
1859	1.6918
1858	1.69223
1857	1.70768
1856	1.567
1855	1.43794
1854	1.63463
1853	1.74191
1852	1.53955
1851	1.57677
1850	1.77302
1849	1.54503
1848	1.73116
1847	1.5802
1846	1.54859
1845	1.70179
1844	1.45326
1843	1.54748
1842	1.64691
1841	1.62503
1840	1.62835
1839	1.61925
1838	1.75577
1837	1.65046
1836	1.59601
1835	1.56227
1834	1.59499
1833	1.61953
1832	1.58142
1831	1.61609
1830	1.66155
1829	1.53427
1828	1.6551
1827	1.65101
1826	1.57095
1825	1.56223
1824	1.59617
1823	1.55166
1822	1.74023
1821	1.61899
1820	1.58131
1819	1.63283
1818	1.50799
1817	1.49535
1816	1.6261
1815	1.52863
1814	1.64619
1813	1.60459
1812	1.56317
1811	1.41974
1810	1.53195
1809	1.52513
1808	1.61216
1807	1.40245
1806	1.65755
1805	1.54007
1804	1.46144
1803	1.63963
1802	1.47665
1801	1.47049
1800	1.56214
1799	1.49897
1798	1.6251
1797	1.48455
1796	1.43095
1795	1.62374
1794	1.51557
1793	1.48929
1792	1.53873
1791	1.54657
1790	1.59
1789	1.55161
1788	1.53081
1787	1.49162
1786	1.46862
1785	1.54085
1784	1.53506
1783	1.49264
1782	1.51348
1781	1.5526
1780	1.48276
1779	1.46821
1778	1.5427
1777	1.52098
1776	1.55002
1775	1.50644
1774	1.60446
1773	1.48914
1772	1.44516
1771	1.5242
1770	1.53557
1769	1.51741
1768	1.48874
1767	1.43394
1766	1.59591
1765	1.52345
1764	1.49896
1763	1.42921
1762	1.41957
1761	1.53499
1760	1.48975
1759	1.42861
1758	1.57243
1757	1.37503
1756	1.41566
1755	1.42912
1754	1.40814
1753	1.4978
1752	1.44198
1751	1.45557
1750	1.49474
1749	1.40767
1748	1.48578
1747	1.51411
1746	1.39764
1745	1.42106
1744	1.39899
1743	1.41366
1742	1.454
1741	1.41424
1740	1.4307
1739	1.43028
1738	1.35368
1737	1.4478
1736	1.38796
1735	1.37822
1734	1.5399
1733	1.35189
1732	1.47565
1731	1.39135
1730	1.40729
1729	1.5012
1728	1.4061
1727	1.39237
1726	1.44077
1725	1.3335
1724	1.46824
1723	1.47052
1722	1.37499
1721	1.48401
1720	1.35483
1719	1.35747
1718	1.41618
1717	1.35714
1716	1.41907
1715	1.45794
1714	1.36778
1713	1.43365
1712	1.39388
1711	1.38712
1710	1.47125
1709	1.44413
1708	1.43408
1707	1.39461
1706	1.36192
1705	1.39062
1704	1.45023
1703	1.40749
1702	1.45923
1701	1.35161
1700	1.42182
1699	1.37488
1698	1.38851
1697	1.39047
1696	1.39316
1695	1.40055
1694	1.33682
1693	1.33521
1692	1.42443
1691	1.34215
1690	1.35258
1689	1.41283
1688	1.38718
1687	1.44834
1686	1.3164
1685	1.29815
1684	1.39512
1683	1.3546
1682	1.33157
1681	1.41697
1680	1.39197
1679	1.3588
1678	1.37633
1677	1.36731
1676	1.37542
1675	1.43359
1674	1.36052
1673	1.3663
1672	1.35847
1671	1.3409
1670	1.39691
1669	1.22848
1668	1.39568
1667	1.36653
1666	1.30927
1665	1.34521
1664	1.24961
1663	1.32726
1662	1.3092
1661	1.27263
1660	1.32929
1659	1.37163
1658	1.30513
1657	1.41229
1656	1.30965
1655	1.38725
1654	1.33302
1653	1.30418
1652	1.44545
1651	1.265
1650	1.33663
1649	1.32521
1648	1.30612
1647	1.32968
1646	1.2689
1645	1.3103
1644	1.22609
1643	1.26869
1642	1.30109
1641	1.33183
1640	1.28332
1639	1.41418
1638	1.25287
1637	1.28998
1636	1.36761
1635	1.27383
1634	1.29398
1633	1.26226
1632	1.25591
1631	1.33656
1630	1.36289
1629	1.29026
1628	1.33032
1627	1.32245
1626	1.35496
1625	1.29701
1624	1.18181
1623	1.27366
1622	1.35185
1621	1.21585
1620	1.31806
1619	1.28223
1618	1.29325
1617	1.3281
1616	1.18382
1615	1.36917
1614	1.26801
1613	1.20403
1612	1.34759
1611	1.2808
1610	1.32404
1609	1.22964
1608	1.28598
1607	1.35011
1606	1.2146
1605	1.31792
1604	1.28527
1603	1.24413
1602	1.25769
1601	1.30963
1600	1.202
1599	1.23693
1598	1.28142
1597	1.25444
1596	1.25803
1595	1.22235
1594	1.2604
1593	1.26181
1592	1.23942
1591	1.28133
1590	1.23457
1589	1.23702
1588	1.26869
1587	1.22919
1586	1.25646
1585	1.24867
1584	1.14745
1583	1.26817
1582	1.24599
1581	1.27729
1580	1.2442
1579	1.19996
1578	1.22084
1577	1.25076
1576	1.23891
1575	1.29088
1574	1.19385
1573	1.24507
1572	1.29812
1571	1.27443
1570	1.26111
1569	1.14036
1568	1.15232
1567	1.27442
1566	1.18337
1565	1.20001
1564	1.2899
1563	1.12478
1562	1.28774
1561	1.22373
1560	1.19928
1559	1.25827
1558	1.23198
1557	1.20429
1556	1.29358
1555	1.1941
1554	1.27068
1553	1.25005
1552	1.18636
1551	1.2776
1550	1.20013
1549	1.24126
1548	1.2118
1547	1.17582
1546	1.23479
1545	1.19988
1544	1.17389
1543	1.24757
1542	1.11496
1541	1.2548
1540	1.22073
1539	1.17349
1538	1.2646
1537	1.19994
1536	1.13251
1535	1.22017
1534	1.13358
1533	1.14612
1532	1.17333
1531	1.18561
1530	1.26556
1529	1.17535
1528	1.18886
1527	1.2445
1526	1.15343
1525	1.25791
1524	1.14898
1523	1.15589
1522	1.18986
1521	1.16944
1520	1.11804
1519	1.2315
1518	1.1547
1517	1.21386
1516	1.17552
1515	1.18822
1514	1.22716
1513	1.17667
1512	1.18675
1511	1.23055
1510	1.18124
1509	1.20434
1508	1.20967
1507	1.16172
1506	1.19714
1505	1.17938
1504	1.14256
1503	1.21067
1502	1.2188
1501	1.15025
1500	1.21371
1499	1.13942
1498	1.19685
1497	1.11181
1496	1.18652
1495	1.14598
1494	1.10965
1493	1.17376
1492	1.11621
1491	1.12396
1490	1.22035
1489	1.12227
1488	1.11841
1487	1.16896
1486	1.14836
1485	1.17564
1484	1.24768
1483	1.14151
1482	1.17158
1481	1.13274
1480	1.16068
1479	1.15994
1478	1.17769
1477	1.18853
1476	1.14601
1475	1.18731
1474	1.18451
1473	1.15012
1472	1.17146
1471	1.18807
1470	1.15944
1469	1.22174
1468	1.09533
1467	1.18311
1466	1.11535
1465	1.13496
1464	1.14652
1463	1.11331
1462	1.1051
1461	1.14177
1460	1.13626
1459	1.13597
1458	1.10925
1457	1.11623
1456	1.17115
1455	1.14455
1454	1.14736
1453	1.17326
1452	1.13805
1451	1.16949
1450	1.16576
1449	1.0937
1448	1.19651
1447	1.1257
1446	1.0366
1445	1.1852
1444	1.11104
1443	1.1671
1442	1.16808
1441	1.10039
1440	1.17371
1439	1.12374
1438	1.19166
1437	1.1835
1436	1.11577
1435	1.13535
1434	1.10308
1433	1.12967
1432	1.09483
1431	1.14795
1430	1.10181
1429	1.16253
1428	1.0719
1427	1.13847
1426	1.13945
1425	1.11117
1424	1.11707
1423	1.13395
1422	1.11264
1421	1.17301
1420	1.14203
1419	1.14407
1418	1.105
1417	1.0593
1416	1.07838
1415	1.13878
1414	1.09487
1413	1.16449
1412	1.09528
1411	1.07992
1410	1.09805
1409	1.07611
1408	1.11663
1407	1.11126
1406	1.1285
1405	1.13392
1404	1.1098
1403	1.14243
1402	1.07868
1401	1.03846
1400	1.14495
1399	1.14359
1398	1.14042
1397	1.11267
1396	1.05631
1395	1.08842
1394	1.05322
1393	1.12291
1392	1.11069
1391	1.05338
1390	1.13496
1389	1.16707
1388	1.07859
1387	1.10868
1386	1.15235
1385	1.06738
1384	1.13019
1383	1.08754
1382	1.06492
1381	1.10941
1380	1.06872
1379	1.089
1378	1.10978
1377	1.09123
1376	1.14616
1375	1.10248
1374	1.07858
1373	1.06636
1372	1.05205
1371	1.14924
1370	1.12639
1369	1.04993
1368	1.09583
1367	0.988908
1366	1.08947
1365	1.14646
1364	0.996971
1363	1.16561
1362	1.06384
1361	1.11381
1360	1.13864
1359	1.09246
1358	1.10938
1357	1.08886
1356	1.01847
1355	1.09388
1354	1.07577
1353	1.13803
1352	1.14018
1351	1.03325
1350	1.08651
1349	1.10024
1348	1.00437
1347	1.1189
1346	1.0291
1345	1.08249
1344	1.1364
1343	1.02597
1342	1.11548
1341	1.06633
1340	1.05951
1339	1.09035
1338	1.02879
1337	1.07766
1336	1.07191
1335	1.02858
1334	1.12608
1333	1.08269
1332	1.04075
1331	1.18399
1330	1.00929
1329	1.04554
1328	1.07714
1327	1.00534
1326	1.07747
1325	1.07714
1324	1.05852
1323	1.04172
1322	1.07222
1321	1.09967
1320	1.03963
1319	1.00067
1318	1.09103
1317	1.09955
1316	1.0126
1315	1.07137
1314	1.04388
1313	1.07503
1312	1.09311
1311	1.03009
1310	1.07212
1309	1.07945
1308	1.0247
1307	1.09294
1306	1.10893
1305	1.06108
1304	1.08031
1303	1.04398
1302	1.1007
1301	1.01552
1300	1.04048
1299	1.09191
1298	1.04333
1297	1.11577
1296	1.04882
1295	1.0382
1294	1.06828
1293	1.06236
1292	1.02021
1291	1.08195
1290	1.04731
1289	1.05099
1288	1.04636
1287	1.01589
1286	1.06425
1285	1.0216
1284	1.06291
1283	1.06662
1282	1.01537
1281	1.05544
1280	1.0572
1279	1.03378
1278	1.05433
1277	1.01503
1276	1.0097
1275	1.04042
1274	0.998424
1273	1.05901
1272	1.09163
1271	1.05681
1270	1.08376
1269	0.984656
1268	1.04241
1267	1.06939
1266	1.06358
1265	1.07199
1264	1.02955
1263	1.03247
1262	1.03691
1261	1.06384
1260	1.1003
1259	1.09923
1258	1.0079
1257	1.04756
1256	1.03091
1255	1.00406
1254	1.04164
1253	1.0454
1252	1.07318
1251	1.039
1250	1.04554
1249	1.06099
1248	1.02769
1247	1.03053
1246	1.08029
1245	0.990974
1244	1.05111
1243	1.0039
1242	1.01421
1241	1.04809
1240	1.04421
1239	1.00825
1238	1.06084
1237	1.01588
1236	1.01137
1235	1.03794
1234	1.04778
1233	1.01646
1232	1.10394
1231	1.04968
1230	1.06136
1229	1.02332
1228	1.01737
1227	1.0765
1226	0.990444
1225	1.06548
1224	1.06041
1223	1.04437
1222	1.02598
1221	1.00632
1220	1.02106
1219	1.06659
1218	1.00502
1217	1.10068
1216	0.997403
1215	1.02843
1214	1.01791
1213	1.035
1212	1.05319
1211	1.03246
1210	0.9958
1209	1.03917
1208	0.994189
1207	1.04853
1206	1.07606
1205	1.00276
1204	1.02666
1203	0.97918
1202	1.0114
1201	1.10284
1200	1.00475
1199	0.985846
1198	1.00777
1197	1.06098
1196	1.04673
1195	1.01464
1194	1.05979
1193	1.04577
1192	0.946739
1191	1.11234
1190	1.01755
1189	1.04504
1188	1.1081
1187	1.00561
1186	1.06492
1185	1.04166
1184	1.02034
1183	1.02027
1182	0.961148
1181	0.989226
1180	1.04532
1179	1.01747
1178	1.06901
1177	1.03944
1176	1.02114
1175	1.06501
1174	0.952728
1173	1.05793
1172	1.04518
1171	1.01603
1170	1.03304
1169	1.03519
1168	0.997255
1167	0.982727
1166	1.04281
1165	0.980658
1164	1.03326
1163	0.967486
1162	1.01359
1161	0.980919
1160	0.988595
1159	1.00618
1158	0.949419
1157	1.07726
1156	1.01373
1155	1.02385
1154	1.02583
1153	1.01123
1152	0.925543
1151	1.00968
1150	1.0136
1149	0.958538
1148	0.988152
1147	0.963841
1146	0.991778
1145	1.01506
1144	0.977318
1143	1.00184
1142	0.971221
1141	0.9586
1140	0.965332
1139	0.990738
1138	0.981915
1137	0.96428
1136	0.956403
1135	0.996289
1134	0.915089
1133	0.989734
1132	0.999196
1131	0.88885
1130	0.97698
1129	0.943543
1128	0.914058
1127	1.03612
1126	0.945161
1125	0.931207
1124	0.96629
1123	0.924789
1122	0.950263
1121	0.983827
1120	0.946831
1119	0.969583
1118	0.909787
1117	0.91906
1116	0.991343
1115	0.941145
1114	0.93567
1113	0.911089
1112	0.940616
1111	0.963226
1110	0.900264
1109	0.865954
1108	0.913281
1107	0.784297
1106	0.923686
1105	0.875802
1104	0.908261
1103	0.92014
1102	0.869462
1101	0.846021
1100	0.877472
1099	0.78627
1098	0.921737
1097	0.896468
1096	0.864173
1095	0.805615
1094	0.82175
1093	0.84165
1092	0.874212
1091	0.809909
1090	0.8238
1089	0.791505
1088	0.785939
1087	0.846968
1086	0.776664
1085	0.825616
1084	0.83657
1083	0.773324
1082	0.818009
1081	0.793135
1080	0.835294
1079	0.845623
1078	0.847626
1077	0.76976
1076	0.762233
1075	0.797777
1074	0.780409
1073	0.819394
1072	0.815462
1071	0.710424
1070	0.709133
1069	0.705864
1068	0.727774
1067	0.735439
1066	0.761755
1065	0.699699
1064	0.739043
1063	0.694539
1062	0.632112
1061	0.708799
1060	0.643558
1059	0.603421
1058	0.696415
1057	0.594159
1056	0.53746
1055	0.625462
1054	0.4883
1053	0.585346
1052	0.588414
1051	0.543787
1050	0.486802
1049	0.521132
1048	0.4728
1047	0.540181
1046	0.468062
1045	0.511074
1044	0.508262
1043	0.406425
1042	0.414729
1041	0.460541
1040	0.449691
1039	0.42268
1038	0.296455
1037	0.411754
1036	0.367486
1035	0.309002
1034	0.373476
1033	0.272686
1032	0.280973
1031	0.39573
1030	0.245854
1029	0.377227
1028	0.240915
1027	0.265221
1026	0.303983
1025	0.224454
1024	0.320238
1023	0.237543
1022	0.159925
1021	0.268172
1020	0.224056
1019	0.22306
1018	0.276767
1017	0.155073
1016	0.13143
1015	0.200667
1014	0.098703
1013	0.165297
1012	0.171012
1011	0.171229
1010	0.133821
1009	0.0999102
1008	0.207686
1007	0.195396
1006	0.104708
1005	0.0994844
1004	0.0771197
1003	0.162236
1002	0.211584
1001	-0.0147793
1000	0.147233
999	0.0759075
998	0.0140604
997	0.044255
996	0.0835501
995	0.0667592
994	0.155004
993	-0.0270301
992	0.0864196
991	0.0238275
990	0.0484363
989	0.16987
988	0.00104974
987	0.0320647
986	-0.00229472
985	-0.0116807
984	0.0939966
983	-0.0443051
982	-0.00247825
981	0.0695159
980	-0.0668179
979	0.0177454
978	0.0552798
977	0.0243952
976	0.0594015
975	0.0676912
974	-0.0675369
973	0.051597
972	0.104909
971	0.112186
970	0.0988709
969	-0.132383
968	0.080229
967	-0.0322894
966	-0.0198657
965	0.0606229
964	-0.0419231
963	-0.0477709
962	0.0608441
961	-0.0646083
960	0.108104
959	-0.00305156
958	-0.0574073
957	0.080912
956	-0.00232992
955	0.120782
954	0.0933938
953	0.0107487
952	0.195759
951	-0.10631
950	0.013112
949	0.212411
948	-0.0499741
947	-0.0176177
946	0.114632
945	-0.00977563
944	0.0874694
943	-0.0112956
942	0.0369866
941	-0.0265918
940	-0.120381
939	-0.0156753
938	0.103782
937	-0.0784882
936	0.135641
935	0.125887
934	-0.00982804
933	0.0517521
932	-0.0326088
931	-0.0246464
930	-0.0249
929	-0.151098
928	0.111806
927	0.0136624
926	-0.0482109
925	-0.108351
924	0.0959431
923	0.209038
922	-0.0549261
921	0.00134817
920	0.135428
919	0.216967
918	0.0189246
917	0.0276891
916	-0.179011
915	0.115056
914	0.0830791
913	-0.0100377
912	0.0441225
911	0.0153403
910	0.0399381
909	0.148284
908	0.0226626
907	0.209364
906	-0.0359193
905	-0.0570619
904	0.1868
903	-0.130607
902	0.134952
901	0.344677
900	-0.17098
899	-0.142783
898	0.0281043
897	-0.0223921
896	0.20095
895	0.044321
894	0.225113
893	-0.0596593
892	-0.268674
891	0.314708
890	0.0289871
889	-0.103346
888	0.319185
887	-0.109965
886	0.0665642
885	0.296938
884	-0.0829637
883	0.343776
882	0.114504
881	-0.276621
880	0.184651
879	-0.134159
878	0.389039
877	0.134243
876	0.13577
875	0.334076
874	0.125482
873	-0.126064
872	-0.0156067
871	-0.173173
870	0.139989
869	0.396781
868	-0.101736
867	0.476189
866	-0.303847
865	0.189066
864	0.283128
863	0.15299
862	-0.0737576
861	0.366359
860	-0.324287
859	-0.0866325
858	-0.161652
857	0.082132
856	0.574554
855	-0.268923
854	-0.218069
853	-0.160578
852	-0.536222
851	0.456174
850	0.00756408
849	-0.00480116
848	0.0044773
847	0.0108231
846	-0.00254285
845	0.00423344
844	0.00160118
843	0.0054337
842	0.00692345
841	-0.00375834
840	0.00461319
839	0.00627359
838	5.10929E-05
837	0.00414961
836	0.000832406
835	0.0054085
834	0.00649119
833	-0.00361486
832	0.00587032
831	0.00728566
830	0.000115528
829	0.00660655
828	0.000147203
827	0.0052349
826	0.00563331
825	-0.00310759
824	0.00497381
823	0.00498144
822	-0.00160716
821	0.00485337
820	-0.0011243
819	0.00545683
818	0.00701097
817	-0.00476479
816	0.00560541
815	0.00344091
814	-0.00111741
813	0.00492998
812	-0.00138906
811	0.00334927
810	0.00545989
809	-0.00505451
808	0.00553812
807	0.00294246
806	0.000313123
805	0.005362
804	-0.00218091
803	0.00406378
802	0.00429168
801	-0.0036729
800	0.00687156
799	0.00200026
798	-0.000330999
797	0.00560768
796	-0.00282471
795	0.00328616
794	0.00566721
793	-0.00338929
792	0.0055094
791	0.00138622
790	-0.000486222
789	0.00646887
788	-0.00249102
787	0.00446061
786	0.00454137
785	-0.00264194
784	0.00540132
783	0.000549631
782	-0.000599332
781	0.00645086
780	-0.00251305
779	0.00436095
778	0.00593248
777	-0.00290758
776	0.00559728
775	0.00104504
774	-9.31734E-05
773	0.00661799
772	-0.00288459
771	0.00332571
770	0.00456215
769	-0.00309496
768	0.0057422
767	0.000927594
766	-0.000507791
765	0.00700728
764	-0.00249158
763	0.00333673
762	0.00427672
761	-0.00257485
760	0.00550156
759	0.000591153
758	0.000280263
757	0.00650063
756	-0.00294518
755	0.00341469
754	0.00415084
753	-0.00303873
752	0.00609188
751	0.000205648
750	-0.000206755
749	0.00615931
748	-0.00210125
747	0.00322701
746	0.00417268
745	-0.00312427
744	0.00568123
743	-0.000279608
742	0.000594365
741	0.00634847
740	0.00236928
739	-0.00179189
738	0.0062968
737	-0.00121508
736	0.00245221
735	0.00498403
734	-0.00298243
733	0.00526988
732	0.00212346
731	-0.00150772
730	0.00637506
729	-0.00168303
728	0.00231564
727	0.00513116
726	-0.0030546
725	0.00518067
724	0.00167245
723	-0.00161867
722	0.00641638
721	-0.00150368
720	0.00232553
719	0.00485137
718	-0.00315615
717	0.00557913
716	0.00165412
715	-0.0012916
714	0.00693409
713	-0.00204755
712	0.00318736
711	0.00549206
710	-0.00251766
709	0.00600157
708	0.00150897
707	-0.00063211
706	0.00671789
705	-0.00190776
704	0.00322783
703	0.00484828
702	-0.00261387
701	0.00651925
700	0.00139155



[コメント情報]
試料名	170801 non doped
オペレーター	
所属	
コメント	

[データ情報]
作成日時	2017/08/01 11:25
スタート	2300 nm
エンド	700 nm
データ間隔	1 nm
データ数	1601    

[測定情報]
機種名	V-770
シリアル番号	A034761801
測光モード	%T
UV/Vis バンド幅	0.5 nm
NIR バンド幅	2 nm
レスポンス	Quick
走査速度	1000 nm/min
光源	自動
光源切換	340 nm
回折格子切換	850 nm
